dict_keys(['config', 'total', 'found', 'lost'])
dict_keys(['origin', 'direction', 'mask', 'wavelength'])
dict_keys(['origin', 'direction', 'mask', 'wavelength'])
dw1= 0.0098054
dw2= 0.0013404
ph on det= 39016.0
 
roots= [ 9846.7839196  10047.73869347]
num of roots= 2
9846.783919597989 10047.738693467336
Initial n,a0,mean,sigma= 4000 2916.0 9997.6259739594 85.51266973163713
popt= [2629.37073996 9997.73645646   29.65563692]
pcov= [[ 1.01394405e+01  3.82979814e-07 -7.62394764e-02]
 [ 3.82979814e-07  1.71975700e-03 -4.31911398e-09]
 [-7.62394764e-02 -4.31911398e-09  1.71975700e-03]]
fwhmg= 69.83309381027529
roots= [ 98 100]
average of roots= 99.0
98 100
 
roots= [6531.03015075 6631.50753769 6832.46231156 9042.96482412 9143.44221106
 9344.39698492]
num of roots= 6
6531.030150753769 9344.396984924622
Initial n,a0,mean,sigma= 4000 82.0 8093.072457453352 1197.1773762429164
popt= [  59.31813964 8094.61047785 1309.12835386]
pcov= [[ 3.23890152e-02  4.39767699e-08 -4.76539024e-01]
 [ 4.39767699e-08  2.10339319e+01 -9.73885273e-07]
 [-4.76539024e-01 -9.73885273e-07  2.10339318e+01]]
fwhmg= 3082.7354476776222
roots= [65 66 68 90 91 93]
average of roots= 78.83333333333333
65 93
 
roots= [ 9846.7839196  10047.73869347]
num of roots= 2
9846.783919597989 10047.738693467336
 
roots= [6430.55276382 9645.82914573]
num of roots= 2
6430.552763819095 9645.829145728643
fwhms of gaus fits x,y= 200.95477386934726 3215.276381909548
1999 1659
[6533.01980198 6535.01950195 6627.00570057 6631.00510051 6686.99669967
 6694.99549955 6778.98289829 6780.98259826 6798.97989799 6802.97929793
 6810.97809781 6814.97749775 6834.97449745 6840.97359736 6846.97269727
 6854.97149715 6860.97059706 6864.969997   6884.9669967  6890.96609661
 6896.96519652 6900.96459646 6904.9639964  6912.96279628 6928.96039604
 6934.95949595 6938.95889589 6948.95739574 6956.95619562 6960.95559556
 6968.95439544 6980.95259526 6986.95169517 6992.95079508 7000.94959496
 7004.9489949  7016.94719472 7018.94689469 7026.94569457 7054.94149415
 7060.94059406 7066.93969397 7070.93909391 7086.93669367 7090.93609361
 7104.9339934  7112.93279328 7124.9309931  7126.93069307 7150.92709271
 7156.92619262 7186.92169217 7190.92109211 7204.9189919  7208.91839184
 7218.91689169 7222.91629163 7242.91329133 7246.91269127 7254.91149115
 7262.91029103 7412.88778878 7418.88688869 7538.86888689 7540.86858686
 7622.85628563 7628.85538554 7648.85238524 7650.85208521 7662.85028503
 7664.849985   8794.68046805 8800.67956796 8808.67836784 8810.67806781
 8820.67656766 8826.67566757 8912.66276628 8916.66216622 8922.66126613
 8928.66036604 8954.65646565 8956.65616562 8990.65106511 8994.65046505
 9004.6489649  9006.64866487 9012.64776478 9022.64626463 9032.64476448
 9036.64416442 9052.64176418 9058.64086409 9066.63966397 9072.63876388
 9076.63816382 9082.63726373 9092.63576358 9098.63486349 9116.63216322
 9122.63126313 9136.62916292 9154.62646265 9166.62466247 9174.62346235
 9182.62226223 9188.62136214 9196.62016202 9270.60906091 9284.6069607
 9308.60336034 9312.60276028 9330.60006001 9342.59825983 9362.59525953
 9366.59465947 9484.5769577  9490.57605761]
fwhm= 2957.556255625562
fwhmgx= 69.83309381027529
fwhmgy= 3082.7354476776222
intensity= 50000000.0
Efficiency = 0.078%
5.0
dw1= 9805.400000000001
dw2= 1340.4
