dict_keys(['config', 'total', 'found', 'lost'])
dict_keys(['origin', 'direction', 'mask', 'wavelength'])
dict_keys(['origin', 'direction', 'mask', 'wavelength'])
dw1= 0.0036
dw2= 0.00045
Detector pixsize = 20.0
Concave Crystal pixsize = 20.0
ph on det= 1172.0
 
roots= [   0.   40.   80.  140.  180.  220.  280.  440.  540.  580.  760.  820.
  880.  900.  980. 1000. 1040. 1120. 1160. 1200. 1220. 1240. 1300. 1320.
 1400. 1420. 1480. 1500. 1520. 1540. 1580. 1600. 1720. 1780. 1840. 1900.
 1960. 1980. 2080. 2140. 2200. 2360. 2440. 2480. 2500. 2520. 2560. 2580.
 2660. 2720. 2820. 2840. 2880. 2900. 2920. 2940. 3000. 3060. 3120. 3160.
 3180. 3220. 3400. 3440. 3460. 3500. 3580. 3620. 3640. 3680. 3700. 3740.
 3760. 3860. 3940.]
num of roots= 75
0.0 3940.0
Initial n,a0,mean,sigma= 200 13.0 2014.4880546075085 1676.595744680851
 
roots= [   0.   20.   60.   80.  120.  160.  320.  360.  400.  420.  440.  460.
  540.  560.  640.  820.  880.  900.  920.  960.  980. 1000. 1060. 1080.
 1160. 1220. 1240. 1320. 1360. 1480. 1500. 1520. 1560. 1640. 1680. 1760.
 1800. 1820. 1840. 1880. 1920. 1960. 1980. 2100. 2140. 2160. 2180. 2220.
 2240. 2280. 2360. 2480. 2520. 2580. 2620. 2640. 2700. 2740. 2760. 2780.
 2800. 2920. 2940. 2980. 3000. 3020. 3040. 3080. 3100. 3140. 3180. 3220.
 3240. 3280. 3360. 3440. 3500. 3520. 3540. 3560. 3600. 3640. 3660. 3720.
 3780. 3820. 3860. 3920. 3940. 3960.]
num of roots= 90
0.0 3960.0
Initial n,a0,mean,sigma= 200 12.0 2008.3105802047783 1685.1063829787233
popt= [   6.3123069  2111.36030785 2962.52561243]
pcov= [[ 6.23761077e-02 -4.91777776e+00 -1.12733873e+02]
 [-4.91777776e+00  5.16369811e+04  2.85246080e+04]
 [-1.12733873e+02  2.85246080e+04  3.97813363e+05]]
fwhmg= 6976.155312160109
roots= [  0   1   3   4   6   8  16  18  20  21  22  23  27  28  32  41  44  45
  46  48  49  50  53  54  58  61  62  66  68  74  75  76  78  82  84  88
  90  91  92  94  96  98  99 105 107 108 109 111 112 114 118 124 126 129
 131 132 135 137 138 139 140 146 147 149 150 151 152 154 155 157 159 161
 162 164 168 172 175 176 177 178 180 182 183 186 189 191 193 196 197 198]
average of roots= 103.93333333333334
0 198
 
roots= []
num of roots= 0
71 91
[3.18431843e+00 3.66196620e+01 6.56765677e+01 8.67726773e+01
 1.29362936e+02 1.79117912e+02 3.24800480e+02 3.68186819e+02
 4.01224122e+02 4.27892789e+02 4.47396740e+02 4.69686969e+02
 5.44916492e+02 5.77157716e+02 6.57163716e+02 8.21952195e+02
 8.88822882e+02 9.02754275e+02 9.33801380e+02 9.60072007e+02
 9.85148515e+02 1.01420542e+03 1.06475648e+03 1.09659966e+03
 1.17859586e+03 1.22556456e+03 1.24148615e+03 1.33064706e+03
 1.36487849e+03 1.48827083e+03 1.51056106e+03 1.53205521e+03
 1.56151015e+03 1.65823382e+03 1.69326133e+03 1.77844184e+03
 1.80073207e+03 1.83297330e+03 1.84730273e+03 1.89068907e+03
 1.93168717e+03 1.97268527e+03 1.99099510e+03 2.10921292e+03
 2.14105611e+03 2.16533653e+03 2.19717972e+03 2.23340134e+03
 2.25210921e+03 2.28634063e+03 2.36674467e+03 2.48297230e+03
 2.52317432e+03 2.59044304e+03 2.62387839e+03 2.64537254e+03
 2.71463146e+03 2.74965897e+03 2.76597860e+03 2.79463746e+03
 2.81055906e+03 2.92081608e+03 2.94629063e+03 2.99047305e+03
 3.01395740e+03 3.02987899e+03 3.05575158e+03 3.08361436e+03
 3.10988499e+03 3.14013601e+03 3.18511451e+03 3.22730673e+03
 3.25437344e+03 3.29338134e+03 3.36303830e+03 3.44185019e+03
 3.50712871e+03 3.53857386e+03 3.54613661e+03 3.57877588e+03
 3.60624062e+03 3.64564656e+03 3.67709171e+03 3.72644864e+03
 3.78734873e+03 3.82715272e+03 3.86695670e+03 3.92069207e+03
 3.95094309e+03 3.97522352e+03]
fwhm= 3972.0392039203925
fwhmgy= 6976.155312160109
intensity= 50000000.0
Efficiency = 0.00234%
5.0
dw1= 3600.0
dw2= 450.0
