dict_keys(['config', 'total', 'found', 'lost'])
dict_keys(['origin', 'direction', 'mask', 'wavelength'])
dict_keys(['origin', 'direction', 'mask', 'wavelength'])
dw1= 2.8e-05
dw2= 0.005
Detector pixsize = 20.0
Concave Crystal pixsize = 20.0
ph on det= 2474.0
 
roots= [ 9040.70351759  9241.6080402   9844.32160804 10447.03517588
 10647.93969849 10848.84422111 11049.74874372 11652.46231156
 11853.36683417 12054.27135678 12255.1758794  13460.60301508
 13661.50753769 14264.22110553 14465.12562814 15871.45728643
 16072.36180905 16474.17085427 16675.07537688 16875.9798995
 17076.88442211 17679.59798995 17880.50251256 18282.31155779
 18885.02512563 19286.83417085 19688.64321608 20090.45226131
 20291.35678392 20492.26130653 20693.16582915 20894.07035176
 21094.97487437 21295.87939698 21496.7839196  22300.40201005
 22501.30653266 23104.0201005  23505.82914573 23706.73366834
 24108.54271357 24309.44723618 24711.25628141 25715.77889447
 25916.68341709 26519.39698492 26720.30150754 27122.11055276
 27323.01507538 29532.96482412 29733.86934673 29934.77386935
 30135.67839196 30738.3919598 ]
num of roots= 54
9040.70351758794 30738.391959798995
Initial n,a0,mean,sigma= 2000 10.0 20068.318512530317 9233.058911579172
popt= [2.56243594e+00 2.00991380e+04 8.22615940e+03]
pcov= [[ 3.09481222e-03 -6.05162302e-03 -6.82606121e+00]
 [-6.05162302e-03  4.23666628e+04  4.75859581e+01]
 [-6.82606121e+00  4.75859581e+01  4.41610433e+04]]
fwhmg= 19370.960151283438
roots= [ 45  46  49  52  53  54  55  58  59  60  61  67  68  71  72  79  80  82
  83  84  85  88  89  91  94  96  98 100 101 102 103 104 105 106 107 111
 112 115 117 118 120 121 123 128 129 132 133 135 136 147 148 149 150 153]
average of roots= 96.74074074074075
45 153
 
roots= [18282.31155779 21295.87939698 21496.7839196  21697.68844221]
num of roots= 4
18282.311557788944 21697.688442211056
Initial n,a0,mean,sigma= 2000 23.0 20124.24413904608 1453.3518657115371
popt= [1.22490845e+01 2.01035420e+04 1.60590035e+03]
pcov= [[ 1.30277962e-02  2.13153690e-07 -1.13864935e+00]
 [ 2.13153690e-07  2.98559103e+02 -2.80443529e-05]
 [-1.13864935e+00 -2.80443529e-05  2.98559100e+02]]
fwhmg= 3781.574134348215
roots= [ 91 106 107 108]
average of roots= 103.0
91 108
 
roots= [ 7232.56281407 32747.43718593]
num of roots= 2
7232.562814070352 32747.437185929648
 
roots= [16875.9798995  22903.11557789]
num of roots= 2
16875.979899497488 22903.115577889446
fwhms of gaus fits x,y= 25514.874371859296 6027.135678391958
616 1038
[18464.61046105 18856.45364536 18976.40564056 19376.24562456
 19428.22482248 21467.40874087 21563.37033703 21683.32233223
 21787.28072807 21859.25192519]
fwhm= 3394.6414641464144
fwhmgx= 19370.960151283438
fwhmgy= 3781.574134348215
intensity= 50000000.0
Efficiency = 0.00494%
5.0
dw1= 28.0
dw2= 5000.0
