dict_keys(['config', 'total', 'found', 'lost'])
dict_keys(['origin', 'direction', 'mask', 'wavelength'])
dict_keys(['origin', 'direction', 'mask', 'wavelength'])
dw1= 0.00010196
dw2= 0.0004862
ph on det= 3199.0
 
roots= [ 6424.12060302  6624.87437186  8431.65829146  8632.4120603
  9836.93467337 10037.68844221 10439.1959799  11041.45728643
 13450.50251256 14052.7638191  15458.04020101 15658.79396985
 15859.54773869 16060.30150754 16261.05527638 16662.56281407
 16863.31658291 17465.57788945 17666.33165829 18067.83919598
 18268.59296482 18469.34673367 18670.10050251 20878.3919598
 21079.14572864 21279.89949749 21882.16080402 22082.91457286
 22283.66834171 22685.1758794  23488.19095477 23688.94472362
 23889.69849246 24090.45226131 24692.71356784 24893.46733668
 25094.22110553 25294.97487437 25495.72864322 25696.48241206
 26298.74371859 26499.49748744 26700.25125628 26901.00502513
 27904.77386935 28105.52763819 30514.57286432 30715.32663317
 31919.84924623 32120.60301508]
num of roots= 50
6424.120603015075 32120.603015075376
Initial n,a0,mean,sigma= 800 13.0 19818.130665833072 10934.67336683417
popt= [6.26147998e+00 1.98264961e+04 1.10821533e+04]
pcov= [[ 1.75379383e-02  1.19626276e-01 -2.54534491e+01]
 [ 1.19626276e-01  7.43030433e+04 -6.31403945e+02]
 [-2.54534491e+01 -6.31403945e+02  9.78667167e+04]]
fwhmg= 26096.25451048222
roots= [ 32  33  42  43  49  50  52  55  67  70  77  78  79  80  81  83  84  87
  88  90  91  92  93 104 105 106 109 110 111 113 117 118 119 120 123 124
 125 126 127 128 131 132 133 134 139 140 152 153 159 160]
average of roots= 100.28
32 160
 
roots= [19673.86934673 20075.37688442]
num of roots= 2
19673.869346733667 20075.37688442211
Initial n,a0,mean,sigma= 800 338.0 20026.21131603626 170.8542713567836
popt= [  339.45311493 20028.13275032   188.13014306]
pcov= [[ 4.89372781e-01  2.86078988e-07 -1.80811964e-01]
 [ 2.86078988e-07  2.00417564e-01 -1.58522497e-07]
 [-1.80811964e-01 -1.58522497e-07  2.00417564e-01]]
fwhmg= 443.0088608815433
roots= [ 98 100]
average of roots= 99.0
98 100
 
roots= [ 5018.84422111 34328.89447236]
num of roots= 2
5018.844221105527 34328.89447236181
 
roots= [19673.86934673 20075.37688442]
num of roots= 2
19673.869346733667 20075.37688442211
fwhms of gaus fits x,y= 29310.050251256285 401.5075376884415
514 401
[19801.20012001 20240.69406941]
fwhm= 439.4939493949387
fwhmgx= 26096.25451048222
fwhmgy= 443.0088608815433
intensity= 50000000.0
Efficiency = 0.006%
5.0
dw1= 101.96000000000001
dw2= 486.2
