dict_keys(['config', 'total', 'found', 'lost'])
dict_keys(['origin', 'direction', 'mask', 'wavelength'])
dict_keys(['origin', 'direction', 'mask', 'wavelength'])
dw1= 0.00010196
dw2= 0.0004862
ph on det= 3244.0
 
roots= [ 6830.75376884  7031.65829146  7835.27638191  8036.18090452
  9040.70351759  9643.41708543 10045.22613065 10246.13065327
 10647.93969849 11049.74874372 11451.55778894 11652.46231156
 12656.98492462 12857.88944724 13661.50753769 13862.4120603
 14465.12562814 14666.03015075 14866.93467337 15067.83919598
 15469.64824121 15670.55276382 16675.07537688 17076.88442211
 18684.12060302 19085.92964824 19286.83417085 19688.64321608
 20090.45226131 20291.35678392 20492.26130653 20693.16582915
 20894.07035176 21094.97487437 21295.87939698 21496.7839196
 22099.49748744 22300.40201005 22702.21105528 23104.0201005
 23505.82914573 24108.54271357 24711.25628141 25113.06532663
 25313.96984925 25514.87437186 26318.49246231 26519.39698492
 26720.30150754 26921.20603015 27523.91959799 27724.8241206
 28528.44221106 28729.34673367 32345.6281407  32546.53266332]
num of roots= 56
6830.753768844221 32546.532663316582
Initial n,a0,mean,sigma= 2000 8.0 19884.92601726264 10942.884635945686
popt= [2.55744679e+00 1.97010146e+04 1.10010076e+04]
pcov= [[ 2.80361703e-03  8.82765475e-02 -9.82419762e+00]
 [ 8.82765475e-02  7.00841973e+04 -1.12568998e+03]
 [-9.82419762e+00 -1.12568998e+03  9.15053918e+04]]
fwhmg= 25905.172610947164
roots= [ 34  35  39  40  45  48  50  51  53  55  57  58  63  64  68  69  72  73
  74  75  77  78  83  85  93  95  96  98 100 101 102 103 104 105 106 107
 110 111 113 115 117 120 123 125 126 127 131 132 133 134 137 138 142 143
 161 162]
average of roots= 93.85714285714286
34 162
 
roots= [19688.64321608 20090.45226131]
num of roots= 2
19688.643216080403 20090.45226130653
Initial n,a0,mean,sigma= 2000 159.0 20039.580764488284 170.98257243665006
popt= [  142.82322146 20040.40709413   180.27804152]
pcov= [[ 1.23891840e-01  1.72706881e-07 -1.04253563e-01]
 [ 1.72706881e-07  2.63184537e-01 -2.17918581e-07]
 [-1.04253563e-01 -2.17918581e-07  2.63184537e-01]]
fwhmg= 424.51873217742366
roots= [ 98 100]
average of roots= 99.0
98 100
 
roots= [ 5022.61306533 34153.76884422]
num of roots= 2
5022.613065326633 34153.76884422111
 
roots= [19688.64321608 20090.45226131]
num of roots= 2
19688.643216080403 20090.45226130653
fwhms of gaus fits x,y= 29131.155778894474 401.80904522612764
754 1003
[19828.06480648 20243.89838984]
fwhm= 415.8335833583369
fwhmgx= 25905.172610947164
fwhmgy= 424.51873217742366
intensity= 50000000.0
Efficiency = 0.006%
5.0
dw1= 101.96000000000001
dw2= 486.2
