dict_keys(['config', 'total', 'found', 'lost'])
dict_keys(['origin', 'direction', 'mask', 'wavelength'])
dict_keys(['origin', 'direction', 'mask', 'wavelength'])
dw1= 0.00010196
dw2= 0.0004862
ph on det= 3279.0
 
roots= [ 6425.72864322  6626.53266332  8232.96482412  8433.76884422
  9638.59296482  9839.39698492 10241.00502513 10441.80904523
 10843.41708543 11044.22110553 11245.02512563 11847.43718593
 12851.45728643 13052.26130653 13453.86934673 13654.67336683
 14056.28140704 14257.08542714 14457.88944724 14658.69346734
 14859.49748744 15060.30150754 15461.90954774 15662.71356784
 16064.32160804 16265.12562814 16666.73366834 17068.34170854
 17269.14572864 17469.94974874 17871.55778894 18473.96984925
 19076.38190955 19678.79396985 20482.01005025 20682.81407035
 20883.61809045 21084.42211055 21285.22613065 21486.03015075
 21686.83417085 22088.44221106 22490.05025126 22891.65829146
 23092.46231156 23694.87437186 24096.48241206 24498.09045226
 25903.71859296 26104.52261307 26305.32663317 26506.13065327
 26706.93467337 26907.73869347 27108.54271357 27309.34673367
 27510.15075377 27710.95477387 30923.81909548 31124.62311558
 32530.25125628 32731.05527638]
num of roots= 62
6425.728643216081 32731.05527638191
Initial n,a0,mean,sigma= 1000 11.0 19976.70021347972 11193.75601411312
popt= [5.10381749e+00 2.00124715e+04 1.11458458e+04]
pcov= [[ 1.14568829e-02 -2.15144048e-02 -2.06268560e+01]
 [-2.15144048e-02  7.39807327e+04  1.40803842e+02]
 [-2.06268560e+01  1.40803842e+02  9.81250680e+04]]
fwhmg= 26246.237712508002
roots= [ 32  33  41  42  48  49  51  52  54  55  56  59  64  65  67  68  70  71
  72  73  74  75  77  78  80  81  83  85  86  87  89  92  95  98 102 103
 104 105 106 107 108 110 112 114 115 118 120 122 129 130 131 132 133 134
 135 136 137 138 154 155 162 163]
average of roots= 93.8225806451613
32 163
 
roots= [19678.79396985 20080.40201005]
num of roots= 2
19678.79396984925 20080.402010050253
Initial n,a0,mean,sigma= 1000 289.0 20021.97011283928 170.89703838340628
popt= [  283.53978078 20023.7148688    184.77782443]
pcov= [[ 4.36609101e-01  3.06394214e-07 -1.89686874e-01]
 [ 3.06394214e-07  2.47231058e-01 -1.99865203e-07]
 [-1.89686874e-01 -1.99865203e-07  2.47231061e-01]]
fwhmg= 435.11482097039436
roots= [ 98 100]
average of roots= 99.0
98 100
 
roots= [ 5220.90452261 34538.29145729]
num of roots= 2
5220.904522613066 34538.29145728643
 
roots= [19678.79396985 20080.40201005]
num of roots= 2
19678.79396984925 20080.402010050253
fwhms of gaus fits x,y= 29317.386934673366 401.60804020100477
435 499
[19802.16021602 20233.77137714]
fwhm= 431.61116111611045
fwhmgx= 26246.237712508002
fwhmgy= 435.11482097039436
intensity= 50000000.0
Efficiency = 0.006%
5.0
dw1= 101.96000000000001
dw2= 486.2
