dict_keys(['config', 'total', 'found', 'lost'])
dict_keys(['origin', 'direction', 'mask', 'wavelength'])
dict_keys(['origin', 'direction', 'mask', 'wavelength'])
dw1= 0.00010196
dw2= 0.0004862
ph on det= 3358.0
 
roots= [ 7622.91457286  7823.51758794  8224.72361809  8425.32663317
  8826.53266332  9027.13567839  9628.94472362  9829.54773869
 10230.75376884 10431.35678392 11033.16582915 11233.76884422
 11634.97487437 12036.18090452 12637.98994975 12838.59296482
 13039.1959799  13440.40201005 13841.6080402  14042.21105528
 14644.0201005  15647.03517588 15847.63819095 16048.24120603
 16248.84422111 17251.85929648 17452.46231156 17853.66834171
 18054.27135678 18656.08040201 18856.68341709 19057.28643216
 19257.88944724 19659.09547739 19859.69849246 20060.30150754
 20461.50753769 21063.31658291 21263.91959799 21665.12562814
 22066.33165829 22266.93467337 22668.14070352 23269.94974874
 23671.15577889 23871.75879397 24072.36180905 24272.96482412
 24473.5678392  24874.77386935 25677.18592965 26078.3919598
 26278.99497487 26479.59798995 26680.20100503 26880.8040201
 27081.40703518 27482.61306533 27683.2160804  27883.81909548
 28485.6281407  28686.23115578 29288.04020101 29488.64321608
 31294.07035176 31494.67336683]
num of roots= 66
7622.914572864322 31494.67336683417
Initial n,a0,mean,sigma= 500 19.0 19867.325789160215 10158.195231476531
popt= [1.05687482e+01 1.98177557e+04 1.09942865e+04]
pcov= [[ 4.80000542e-02  1.79396167e-01 -4.06409758e+01]
 [ 1.79396167e-01  7.01330468e+04 -5.52676557e+02]
 [-4.06409758e+01 -5.52676557e+02  9.14913403e+04]]
fwhmg= 25889.34596584761
roots= [ 38  39  41  42  44  45  48  49  51  52  55  56  58  60  63  64  65  67
  69  70  73  78  79  80  81  86  87  89  90  93  94  95  96  98  99 100
 102 105 106 108 110 111 113 116 118 119 120 121 122 124 128 130 131 132
 133 134 135 137 138 139 142 143 146 147 156 157]
average of roots= 95.71212121212122
38 157
 
roots= [19659.09547739 20060.30150754]
num of roots= 2
19659.095477386934 20060.301507537686
Initial n,a0,mean,sigma= 500 595.0 20008.83859440143 170.72597027691563
popt= [  596.58296745 20006.75229997   177.32887942]
pcov= [[ 1.62200246e+00  5.40723857e-07 -3.21416713e-01]
 [ 5.40723857e-07  1.91076231e-01 -1.61125975e-07]
 [-3.21416713e-01 -1.61125975e-07  1.91076230e-01]]
fwhmg= 417.5740452686782
roots= [ 98 100]
average of roots= 99.0
98 100
 
roots= [ 5215.67839196 34303.11557789]
num of roots= 2
5215.678391959798 34303.115577889446
 
roots= [19659.09547739 20060.30150754]
num of roots= 2
19659.095477386934 20060.301507537686
fwhms of gaus fits x,y= 29087.437185929648 401.20603015075176
207 250
[19806.29262926 20205.53255326]
fwhm= 399.23992399239796
fwhmgx= 25889.34596584761
fwhmgy= 417.5740452686782
intensity= 50000000.0
Efficiency = 0.006%
5.0
dw1= 101.96000000000001
dw2= 486.2
