dict_keys(['config', 'total', 'found', 'lost'])
dict_keys(['origin', 'direction', 'mask', 'wavelength'])
dict_keys(['origin', 'direction', 'mask', 'wavelength'])
dw1= 0.00010196
dw2= 0.0004862
ph on det= 3285.0
 
roots= [ 5619.70271146  5820.40637972  9433.07240852  9633.77607679
 10637.29441812 10837.99808638 11038.70175465 11440.10909118
 12443.62743251 12845.03476905 13246.44210558 13647.84944211
 14651.36778344 14852.07145171 15253.47878824 15454.18245651
 15654.88612478 15855.58979304 16056.29346131 16658.40446611
 17059.81180264 17461.21913917 18264.03381224 18464.73748051
 18665.44114877 18866.14481704 19267.55215357 19668.9594901
 19869.66315837 20271.0704949  20672.47783144 21073.88516797
 21675.99617277 21876.69984103 22077.4035093  22278.10717757
 22478.81084583 22679.5145141  23080.92185063 23883.7365237
 24084.44019196 24887.25486503 25489.36586983 25690.0695381
 25890.77320636 26091.47687463 26292.18054289 26894.29154769
 27094.99521596 27496.40255249 27897.80988903 28299.21722556]
num of roots= 52
5619.702711458342 28299.217225558077
Initial n,a0,mean,sigma= 667 15.0 20153.43013424793 9650.85724004244
popt= [7.80266238e+00 2.01741073e+04 1.08968278e+04]
pcov= [[ 2.70312207e-02 -1.88674885e-01 -3.04793233e+01]
 [-1.88674885e-01  7.10682824e+04  7.74540328e+02]
 [-3.04793233e+01  7.74540328e+02  9.17447637e+04]]
fwhmg= 25659.850158977544
roots= [ 28  29  47  48  53  54  55  57  62  64  66  68  73  74  76  77  78  79
  80  83  85  87  91  92  93  94  96  98  99 101 103 105 108 109 110 111
 112 113 115 119 120 124 127 128 129 130 131 134 135 137 139 141]
average of roots= 93.59615384615384
28 141
 
roots= [19668.9594901  20070.36682664]
num of roots= 2
19668.959490104196 20070.366826636935
Initial n,a0,mean,sigma= 667 407.0 20017.534611689593 170.81163256712279
popt= [  427.42758455 20017.96189927   185.26242357]
pcov= [[ 9.05237845e-01  4.21691517e-07 -2.61574122e-01]
 [ 4.21691517e-07  2.26750425e-01 -1.83004127e-07]
 [-2.61574122e-01 -1.83004127e-07  2.26750426e-01]]
fwhmg= 436.25595502060384
roots= [ 98 100]
average of roots= 99.0
98 100
 
roots= [ 5418.99904319 34521.03094182]
num of roots= 2
5418.999043191972 34521.03094181552
 
roots= [19668.9594901  20070.36682664]
num of roots= 2
19668.959490104196 20070.366826636935
fwhms of gaus fits x,y= 29102.03189862355 401.40733653273855
288 333
[19788.26968154 20247.625962  ]
fwhm= 459.35628045563135
fwhmgx= 25659.850158977544
fwhmgy= 436.25595502060384
intensity= 50000000.0
Efficiency = 0.006%
5.0
dw1= 101.96000000000001
dw2= 486.2
