dict_keys(['config', 'total', 'found', 'lost'])
dict_keys(['origin', 'direction', 'mask', 'wavelength'])
dict_keys(['origin', 'direction', 'mask', 'wavelength'])
dw1= 0.0036
dw2= 0.00045
Detector pixsize = 20.0
Concave Crystal pixsize = 20.0
ph on det= 1146.0
 
roots= [   0.   20.  160.  200.  300.  320.  520.  560.  840.  860. 1040. 1080.
 1100. 1160. 1300. 1320. 1400. 1420. 1480. 1560. 1600. 1640. 1780. 1820.
 1840. 1860. 1880. 1960. 1980. 2020. 2040. 2080. 2480. 2520. 2720. 2760.
 2800. 2820. 2900. 2920. 2960. 3020. 3080. 3100. 3400. 3440. 3780. 3800.
 3840. 3880. 3920. 3940. 3960.]
num of roots= 53
0.0 3960.0
Initial n,a0,mean,sigma= 200 14.0 2046.998254799302 1685.1063829787233
 
roots= [   0.   20.   40.   60.  100.  140.  160.  180.  220.  260.  300.  340.
  360.  460.  500.  560.  660.  680.  720.  760.  780.  820.  880.  900.
  940. 1000. 1020. 1080. 1120. 1180. 1260. 1280. 1320. 1400. 1500. 1580.
 1640. 1680. 1720. 1740. 1980. 2060. 2120. 2200. 2340. 2480. 2520. 2620.
 2820. 2880. 3060. 3120. 3220. 3260. 3280. 3300. 3580. 3640. 3700. 3740.
 3780. 3840. 3880. 3960.]
num of roots= 64
0.0 3960.0
Initial n,a0,mean,sigma= 200 13.0 1936.7888307155322 1685.1063829787233
193 131
[1.19411941e+00 3.18431843e+01 5.37353735e+01 7.28412841e+01
 1.04684468e+02 1.44090409e+02 1.69166917e+02 1.95039504e+02
 2.39619962e+02 2.67482748e+02 3.10869087e+02 3.45498550e+02
 3.76147615e+02 4.75657566e+02 5.07898790e+02 5.67604760e+02
 6.65920592e+02 6.95773577e+02 7.20452045e+02 7.61450145e+02
 7.95681568e+02 8.25136514e+02 8.60960096e+02 8.65736574e+02
 8.84444444e+02 9.09122912e+02 9.42160216e+02 1.01738974e+03
 1.03729173e+03 1.08704670e+03 1.13122912e+03 1.19770177e+03
 1.27213521e+03 1.29601760e+03 1.32666667e+03 1.40508051e+03
 1.50459046e+03 1.58618862e+03 1.64271027e+03 1.69087309e+03
 1.73664766e+03 1.75018102e+03 1.99537354e+03 2.06861286e+03
 2.12473647e+03 2.20474247e+03 2.26604060e+03 2.27479748e+03
 2.35679368e+03 2.48774877e+03 2.53073707e+03 2.58885089e+03
 2.59561756e+03 2.63223722e+03 2.66686669e+03 2.67801180e+03
 2.83125713e+03 2.87941994e+03 3.07525553e+03 3.13416542e+03
 3.22929693e+03 3.26193619e+03 3.29895390e+03 3.30890489e+03
 3.58474647e+03 3.64723872e+03 3.72008001e+03 3.75351535e+03
 3.79570757e+03 3.85023902e+03 3.88526653e+03 3.97840784e+03]
fwhm= 3977.2137213721376
intensity= 50000000.0
Efficiency = 0.00229%
5.0
dw1= 3600.0
dw2= 450.0
